0.664209
0.328657
0.467474
0.462106
0.323247
0.521456
0.660397
0.513797
0.642373
0.229973
0.566393
0.659403
0.503576
0.346490
0.588335
0.751490
0.527413
0.383757
0.516995
0.402387
0.198455
0.157611
0.476158
0.414559
0.461031
0.310080
0.519148
0.603338
0.532496
0.598386
0.470877
0.346494
0.158232
0.329701
0.539586
0.355925
0.389461
0.542459
0.256953
0.692806
0.746083
0.267947
0.487986
0.497373
0.355765
0.507225
0.481559
0.774936
0.631181
0.602211
0.316695
0.640980
0.517480
0.431138
0.352788
0.583550
0.359693
0.421045
0.436591
0.368191
0.277355
0.432216
0.577771
0.518187
0.683293
0.520788
0.193741
0.384642
0.432393
0.660126
0.578008
0.706749
0.483132
0.611304
0.516851
0.276438
0.639744
0.528338
0.413170
0.464173
0.284614
0.637440
0.547826
0.281717
0.655979
0.582860
0.787841
0.604395
0.538412
0.571377
0.412721
0.518729
0.664809
0.000000
0.658261
0.067074
0.512868
0.424382
0.460320
0.508054
0.568468
0.629002
0.519204
0.411476
0.699387
0.492750
0.469102
0.652971
0.512302
0.619576
0.592971
0.576693
0.475681
0.559129
0.295374
0.822390
0.362108
0.442491
0.514071
0.690101
0.076865
0.425738
0.277655
0.454863
0.602600
0.512929
0.295925
0.295434
0.257354
0.654130
0.353414
0.388283
0.334240
0.657480
0.560722
0.566285
0.594349
0.602114
0.576496
0.573559
0.398088
0.538319
0.451843
0.501262
0.525354
0.734248
0.311937
0.389630
0.599706
0.638847
0.562838
0.364974
0.411464
0.490331
0.213909
0.420373
0.568813
0.414123
0.475101
0.566084
0.557728
0.455006
0.415711
0.509201
0.497528
0.567916
0.623720
0.602149
0.424565
0.463723
0.541055
0.507592
0.533072
0.511570
0.406770
0.567130
0.463358
0.519673
0.508297
0.554859
0.634112
0.416169
0.238970
0.420017
0.465767
0.504385
0.431958
0.403655
0.360726
0.268672
0.254643
0.499987
0.667844
0.387771
0.718523
0.439479
0.651341
0.473232
0.238394
0.273731
0.530803
0.662110
0.473607
0.614537
0.719024
0.573764
0.727515
0.465777
0.678954
0.588357
0.535403
0.718014
0.758827
0.339558
0.311023
0.365686
0.433410
0.650883
0.570604
0.347783
0.475543
0.269811
0.054411
0.650536
0.561123
0.607007
0.662604
0.562452
0.556283
0.358673
0.663175
0.353690
0.211860
0.469646
0.669074
0.551544
0.503364
0.662369
0.423326
0.534869
0.572786
0.863427
0.573957
0.530135
0.643168
0.574134
0.518310
0.311431
0.237364
0.370588
0.547390
0.409754
0.558177
0.363602
0.516884
0.168309
0.795979
0.390690
0.499851
0.538549
0.537057
0.514697
0.536115
0.589396
0.690474
0.623467
0.693663
0.567097
0.502175
0.626821
0.570569
0.489265
0.198478
0.861667
0.709250
0.416840
0.621305
0.307442
0.219267
0.381787
0.640209
0.530825
0.662507
0.529931
0.419903
0.546604
0.534817
0.536159
0.704506
0.606244
0.546786
0.541749
0.155572
0.651325
0.403633
0.404959
0.547202
0.404152
0.434133
0.593334
0.634703
0.194086
0.653082
0.394784
0.611791
0.479836
0.565591
0.581890
0.567993
0.514210
0.668151
0.636316
0.589438
0.531613
0.469862
0.410903
0.560387
0.535257
0.694245
0.573246
0.399585
0.735331
0.712804
0.404990
0.442646
0.448536
0.479009
0.475715
0.569897
0.537376
0.551799
0.326554
0.366977
0.506168
0.583097
0.459980
0.652349
0.489415
0.547308
0.507249
0.474151
0.903958
0.587194
0.541465
0.514895
0.667705
0.481371
0.458579
0.249514
0.403306
0.311083
0.581065
0.809022
0.284638
0.775093
0.406392
0.493459
0.546560
0.537288
0.489746
0.665375
0.459242
0.530980
0.621103
0.502249
0.535823
0.517337
0.819573
0.529344
0.565626
0.400303
0.482691
0.503036
0.423231
0.820546
0.460008
0.558474
0.366751
0.408877
0.590089
0.418391
0.409283
0.558807
0.441831
0.702665
0.449458
0.543655
0.470664
0.737675
0.253039
0.616117
0.598631
0.673733
0.540474
0.525066
0.458291
0.468644
0.413809
0.439122
0.248804
0.225127
0.710609
0.501749
0.616765
0.598103
0.229709
0.345861
0.572969
0.681152
0.494108
0.549203
0.841139
0.652384
0.368522
0.451246
0.542337
0.541919
0.359141
0.551526
0.476862
0.566194
0.763751
0.583719
0.598672
0.355455
0.531440
0.471957
0.486390
0.336443
0.357792
0.412789
0.434787
0.535976
0.319238
0.231120
0.433901
0.495392
0.520310
0.374577
0.549447
0.539097
0.334600
0.470395
0.746790
0.575721
0.512973
0.460471
0.232628
0.638800
0.649727
0.551952
0.691938
0.494943
0.726385
0.607170
0.543007
0.537554
0.572480
0.594718
0.400235
0.394994
0.564490
0.394344
0.537324
0.342416
0.456587
0.559792
0.510548
0.518378
0.370390
0.601544
0.434741
0.199090
0.479815
0.448190
0.383340
0.361375
0.469718
0.422134
0.467153
0.451062
0.492849
0.340881
0.542763
0.626922
0.623207
0.436342
0.508472
0.357089
0.499074
0.583385
0.560236
0.240196
0.459336
0.574741
0.299094
0.583389
0.642804
0.548551
0.457762
0.239750
0.350189
0.345618
0.330270
0.104341
0.292377
0.302101
0.189459
0.494242
0.247464
0.384335
0.509680
0.331027
0.406672
0.045816
0.317725
0.358009
0.432729
0.194326
0.275173
0.603469
0.388944
0.265106
0.048185
0.417582
0.115434
0.490904
0.300312
0.368728
0.238355
0.366524
0.251896
0.431415
0.295667
0.000000
0.512957
0.394834
0.490399
0.250234
0.466016
0.264930
0.274547
0.501386
0.431690
0.246877
0.473899
0.288251
0.313904
0.323648
0.314641
0.239248
0.255728
0.405308
0.339952
0.393179
0.358062
0.347298
0.366729
0.390986
0.234751
0.404039
0.327480
0.289232
0.227868
0.510968
0.359730
0.130820
0.285677
0.473692
0.433774
0.487910
0.458117
0.311407
0.364049
0.361225
0.313014
0.170585
0.316163
0.315241
0.392938
0.397220
0.500860
0.361192
0.240470
0.265494
0.135085
0.224307
0.293448
0.182317
0.359517
0.303078
0.365550
0.292357
0.432750
0.209676
0.188921
0.381209
0.327254
0.176551
0.465920
0.407736
0.325894
0.412288
0.134930
0.329094
0.448980
0.327869
0.159578
0.156003
0.246741
0.092479
0.293004
0.210099
0.181010
0.142011
0.336266
0.314859
0.563100
0.519391
0.393672
0.190674
0.114913
0.403137
0.495560
0.231651
0.395953
0.385669
0.304822
0.414183
0.482453
0.462280
0.382250
0.445332
0.434064
0.535925
0.344550
0.313514
0.418642
0.383424
0.240052
0.535920
0.238369
0.414613
0.493518
0.357159
0.233668
0.330169
0.183108
0.418120
0.458297
0.335213
0.276224
0.226942
0.437705
0.408655
0.342266
0.309085
0.236164
0.252099
0.224750
0.298386
0.199855
0.456625
0.271461
0.486758
0.367066
0.576699
0.431648
0.460630
0.361361
0.559099
0.360354
0.261476
0.465492
0.429357
0.303963
0.448343
0.101739
0.242337
0.343801
0.360131
0.103980
0.439123
0.281300
0.426352
0.536089
0.287490
0.120259
0.347341
0.099548
0.309108
0.417630
0.422419
0.117867
0.359674
0.365229
0.214465
0.406780
0.454441
0.263563
0.272436
0.132353
0.258944
0.254959
0.476933
0.277541
0.150019
0.388003
0.400769
0.300687
0.390762
0.607235
0.422305
0.089306
0.589234
0.213754
0.447194
0.330172
0.337010
0.310366
0.454324
0.111793
0.507669
0.468814
0.405823
0.232349
0.583861
0.602886
0.135258
0.140253
0.360534
0.263170
0.496591
0.429780
0.370882
0.460877
0.402159
0.145618
0.308319
0.409225
0.181804
0.527463
0.165253
0.143201
0.348264
0.281726
0.540432
0.386438
0.216779
0.354289
0.526458
0.204175
0.367105
0.320668
0.506840
0.524499
0.413593
0.275986
0.392853
0.279947
0.316820
0.352225
0.360389
0.584253
0.317596
0.360616
0.377976
0.267187
0.158034
0.316725
0.310668
0.083792
0.405441
0.309235
0.373014
0.539723
0.336788
0.296071
0.383544
0.151449
0.263833
0.377540
0.462774
0.421956
0.208471
0.190389
0.386190
0.202239
0.526547
0.546808
0.211723
0.226305
0.453551
0.498695
0.465397
0.364918
0.158756
0.349633
0.549922
0.613719
0.340592
0.121424
0.410224
0.153510
0.203107
0.210596
0.289583
0.160283
0.235165
0.216907
0.523337
0.394645
0.272147
0.400829
0.281294
0.392243
0.173874
0.308004
0.320462
0.163380
0.469914
0.249776
0.204340
0.409714
0.405829
0.428468
0.451397
0.413015
0.400976
0.401096
0.392519
0.353133
0.350550
0.048186
0.103451
0.357363
0.451689
0.357399
0.376671
0.573378
0.371683
0.339220
0.394206
0.474742
0.283456
0.285933
0.140655
0.334237
0.277703
0.563987
0.385039
0.356909
0.296766
0.347589
0.461417
0.445780
0.386426
0.435135
0.364637
0.375158
0.288463
0.381004
0.242174
0.458958
0.280586
0.423076
0.218605
0.421696
0.108976
0.275679
0.379298
0.140809
0.508478
0.348929
0.345412
0.409010
0.364045
0.439397
0.465209
0.141103
0.368522
0.437015
0.343021
0.531314
0.060809
0.219360
0.236144
0.401208
0.130073
0.423982
0.532414
0.389261
0.120170
0.178961
0.443944
0.270168
0.320737
0.412481
0.268621
0.540375
0.292954
0.447687
0.375013
0.260580
0.248669
0.470220
0.307173
0.413513
0.409043
0.467150
0.603688
0.382534
0.350551
0.258658
0.493829
0.123858
0.252719
0.420059
0.316631
0.370755
0.299859
0.346186
0.431695
0.249812
0.429834
0.549538
0.100984
0.339380
0.197397
0.410941
0.179923
0.298544
0.399886
0.383359
0.322211
0.475678
0.281114
0.478529
0.279754
0.202436
0.438498
0.451201
0.465739
0.269452
0.341080
0.239975
0.496023
0.041295
0.522132
0.306499
0.383511
0.405542
0.260498
0.561328
0.171048
0.350799
0.309678
0.399799
0.560240
0.530478
0.379321
0.394389
0.094162
0.218585
0.390570
0.386858
0.353284
0.453086
0.312268
0.355705
0.391204
0.353697
0.263715
0.422687
0.324631
0.481110
0.157338
0.357336
0.472998
0.318911
0.217249
0.269649
0.473456
0.441775
0.348054
0.028492
0.012407
0.379572
0.462114
0.094070
0.509580
0.095862
0.494744
0.571929
0.396371
0.374199
0.229607
0.227131
0.358477
0.328840
